# E' (MeV)   weight   [T = 79.0 MeV/nucleon, removed p, <E'> = 40.26 MeV, sum w = 1.0]
1.0033176482021897 0.03839556285724759
3.009952944606569 0.034030335846621816
5.016588241010949 0.03229089195342069
7.023223537415328 0.030370275242277728
9.029858833819707 0.028763942929049033
11.036494130224087 0.026862873927168116
13.043129426628466 0.025694907094763315
15.049764723032848 0.02514589346150422
17.056400019437227 0.023763129159139824
19.063035315841606 0.02299424175481548
21.069670612245986 0.022336672889935214
23.076305908650365 0.0217817851628329
25.082941205054745 0.020907788976413412
27.089576501459124 0.020957668470461883
29.096211797863504 0.020669559800950584
31.102847094267883 0.020062788661639536
33.10948239067226 0.019938059934450542
35.116117687076645 0.02028364364124405
37.12275298348102 0.019906004681289703
39.129388279885404 0.01999540449638404
41.13602357628978 0.020151269722532554
43.14265887269416 0.019960385547285
45.14929416909854 0.02064264503681127
47.15592946550292 0.02097537664673197
49.1625647619073 0.02092851176474746
51.16920005831168 0.021783821990808732
53.17583535471606 0.02181287525045349
55.18247065112044 0.022317519904280415
57.189105947524816 0.022868076452263825
59.1957412439292 0.023467697496322697
61.202376540333574 0.02412093117546087
63.20901183673796 0.024833787702566217
65.21564713314234 0.025614673760928214
67.22228242954671 0.02647745569904416
69.22891772595109 0.026878185820238987
71.23555302235548 0.028560317608515733
73.24218831875986 0.02934521083854387
75.24882361516423 0.031189518344518836
77.25545891156861 0.03396457932102142
79.26209420797299 0.038955728975314616
