# E' (MeV)   weight   [T = 79.0 MeV/nucleon, removed n, <E'> = 40.18 MeV, sum w = 1.0]
1.0033176482021897 0.03758100529091428
3.009952944606569 0.03338401007948203
5.016588241010949 0.03177841588230684
7.023223537415328 0.029997465663175314
9.029858833819707 0.028519912450619987
11.036494130224087 0.026737557409675566
13.043129426628466 0.025671691962899045
15.049764723032848 0.025216455723879472
17.056400019437227 0.023914321320902293
19.063035315841606 0.023216523494016785
21.069670612245986 0.022620231848619176
23.076305908650365 0.022117041508826825
25.082941205054745 0.021277665686464466
27.089576501459124 0.02136807109673255
29.096211797863504 0.02110476161476358
31.102847094267883 0.020505467040609945
33.10948239067226 0.020389014946123402
35.116117687076645 0.02074472553090961
37.12275298348102 0.020352242283217477
39.129388279885404 0.02042945637973024
41.13602357628978 0.020567113057644342
43.14265887269416 0.020344787807291768
45.14929416909854 0.021006061321150175
47.15592946550292 0.021304695295296414
49.1625647619073 0.021213605089709296
51.16920005831168 0.022031916464774412
53.17583535471606 0.02200995265347151
55.18247065112044 0.02246512108010784
57.189105947524816 0.022962486976808985
59.1957412439292 0.023505332395046187
61.202376540333574 0.024098308112801205
63.20901183673796 0.02474744838424068
65.21564713314234 0.02546096836279954
67.22228242954671 0.02625202161064887
69.22891772595109 0.026581826180420865
71.23555302235548 0.02817045529491271
73.24218831875986 0.02885941407691601
75.24882361516423 0.03056627143119502
77.25545891156861 0.0331381480534115
79.26209420797299 0.037788029137483914
